446213
2177610
2243882
2272004
2666675
2753522
2754816
4431870
4662948
6314033
7513211
8445387
9077946
10315460
10659334
13706065
14135085
14893142
15289658
15372465
15397898
15727099
15786200
16080577
16149142
16553541
16618894
16679553
16701293
16860184
16973576
17111952
17265574
17422261
17448517
17462817
17734803
17882080
17920199
18040345
18687923
18718232
19331059
19488258
19526040
19965921
19979010
19999264
20584774
20762038
21186221
21280870
21321143
21556588
22002985
22064939
22100545
22125542
22462102
22552700
22937737
23224237
23507601
23714867
24001822
24074225
24392286
24498548
24808843
25109712
25282909
25323690
25540024
25661971
25807455
26038791
26108616
26185623
26258936
26531311
26572798
27083544
27258622
27831808
27955081
28228250
28238745
28280968
28281007
28523821
28606676
28614625
28790186
28841041
28886915
29049345
29612998
29658846
29876523
29905491
30023868
30181828
30267894
30510276
30564581
30718605
30744565
30884876
30914454
31070901
31147520
31172743
31211299
31222454
31262743
31288792
31330601
31415775
31473021
31474457
31474782
31493906
31587773
31617443
31666391
31668387
31738561
31793833
31805736
31806420
31823929
31826525
31883692
32018319
32148358
32187513
32191895
32205807
32215990
32311080
32316008
32472412
32472897
32492484
32543561
32547300
32548641
32593697
32631441
32636862
32692920
32723715
32739516
32744466
32746375
32820005
32867824
33037675
33038217
33114656
33161740
33226394
33315741
33340081
33344161
33394399
33405022
33445139
33628941
33634702
33642267
33720683
33721295
33767685
33812517
33827598
33834182
33911938
34095497
34222631
34223659
34258594
34485175
34509485
34536774
34536900
34674968
34789222
34803760
34816565
35057597
35319981
35353774
35706969
35804323
36134400
36301221
36305194
36342816
36360961
36553491
36570328
36635848
36732121
36734047
36769601
36850573
36982748
37011189
37127404
37211794
37212939
37213252
37319461
37358379
37424018
37424597
37522523
37589459
37623817
37692024
37709959
37754700
37944769
37998795
38021617
38023173
38096000
38099557
38105310
38269455
38313521
38620314
38669471
38820177
38980341
38993494
39108138
39136437
39155773
39222104
39298608
39300901
39328707
39367070
39469395
39575662
39580860
39584960
39626722
39636022
39695945
39792883
39964159
40005332
40174061
40225462
40238202
40239972
40264188
40284020
40475405
40534509
40605283
40608451
40614159
40614305
40677840
40688304
40870325
40889273
40890947
40922211
40952234
41047554
41080975
41085550
41103473
41128472
41150430
41205403
41225846
41243380
41267371
41478601
41714394
41822210
41851049
41856150
41925484
41952505
42001063
42089926
42140500
42257604
42313430
42390504
42406397
42487256
42494326
42497505
42602993
42622625
42744294
42916409
42934226
42963733
42986815
43024520
43095130
43147830
43186189
43668380
43680551
43730702
43751592
43816852
43832868
43834765
44307578
44334665
44421084
44478934
44628785
44863583
44864578
45018425
45087262
45102586
45162714
45174076
45222207
45286417
45344039
45348735
45413336
45436909
45438864
45467303
45469568
45482585
45504167
45527369
45531647
45565794
45580884
45606900
45622147
45629988
45631447
45660027
45722097
45882616
46022537
46092710
46106079
46122357
46216547
46307845
46435485
46490272
46549596
46647006
46672704
46776804
46778708
46779099
46809548
46818965
46825859
46871379
46877773
46879532
46884628
46898274
46898391
46942193
46947931
46947972
46951396
47032284
47255237
47274858
47404976
47472163
47508909
47527680
47536848
47544960
47549447
47582810
47736368
47791601
47817955
47858806
47868678
47870173
47924979
47927348
47968419
47993238
47998842
48011398
48013431
48013437
48091078
48111899
48144403
48145334
48228080
48283126
48283338
48288459
48312876
48404396
48439540
48466174
48527960
48539055
48681567
48681704
48698492
48847905
48870325
48930831
48937914
48994982
49055783
49156405
49158057
49193668
49231088
49232336
49267641
49268766
49287794
49293769
49319198
49380282
49438634
49442219
49458955
49459163
49538875
49564652
49573038
49607115
49780616
49859629
49966544
50054375
50099979
50105280
50137425
50209753
50210275
50223000
50364188
50379112
50416148
50447174
50488767
50501078
50567599
50624049
50681294
50704938
50730397
50765673
50847092
50855111
50899536
50920906
50960442
51129252
51152026
51177902
51228526
51269075
51277277
51311004
51330617
51425773
51474353
51484637
51491901
51543877
51543946
51564872
51622521
51671452
51675233
51686885
51702553
51704530
51768653
51797359
51819194
51863143
51888695
51912628
51960470
51961406
51978977
52013713
52104918
52109881
52171771
52186625
52210398
52222568
52238908
52305140
52305150
52309246
52339627
52404964
52426738
52476665
52478806
52496066
52530523
52536922
52595021
52631470
52654216
52656668
52788263
52803661
52821008
52828565
52835983
52865478
52935506
52953721
52968320
52986816
53035871
53074576
53114909
53203766
53211725
53218556
53221591
53229616
53237008
53237890
53262867
53321429
53330721
53402293
53427383
53447383
53465797
53494592
53515961
53515976
53541724
53559497
53585401
53621038
53629588
53641694
53669886
53701458
53709655
53709660
53721965
53736405
53857864
53857977
53868022
53868522
53869505
53869651
54001313
54007825
54051555
54176338
54182865
54185940
54211725
54246998
54247831
54265684
54290916
54327371
54328378
54345353
54348786
54392917
510971589042922278
541517882467489817
543615056175280990
544170967933996483
546769678066447883
548677480317544662
549822723103180118
549933321890372400
550788743370233168
551564101069490781
552856249350572330
552859039426870737
553800934921206755
555139068069705790
555240657599905525
556398136252515196
557189554427697626
558105486823138050
558941916589717800
559219181397827209
560221074305563448
560904752455205520
561652401209763528
561862295364073963
564454645884572410
564498840299539219
564640732990771886
565710501002903857
566086042397116974
567239888519967085
568637401215890365
568670794331578081
568814736954612705
573966899734657058
574248260337554676
574532924462925774
577787501175358682
579004359445659580
580454567655877966
581473991110981935
581806095298250949
584253096625425772
585469136146265866
585687559259944889
587110512901354150
589117839524288753
589665928051061654
589975037154672769
590415883304201452
594088160094449173
596454894169357518
597869610210051608
602111577808680622
602258564889449021
602892903023780738
603536139220310901
603549406681033025
603658837581524635
603848780933036961
604369573567857286
604520329263476924
604533712419102547
605681808766377829
607201210300812621
607840416484045143
609314643608699995
611626803633356418
612244159090688461
613747691581316249
613963652968756324
615041201550047862
615308883278306156
616727995359213040
619021989820030975
620183845829460847
620509076533039456
621138726109440073
623117805521008161
623230946861078882
624128562387301851
625515630800368995
625555998167746403
629124392973294496
633323236342062278
633843887790646283
634776152602494919
638969372281259044
644961438122672116
650623190529878634
650655587382852003
653861944969962225
654936792570520142
654947894758287118
654968931159370410
656684862837759229
659505797315614198
659611163834037116
659630533589899237
659947001478066001
660067144167258510
662572513629559353
663850816005890842
663884526458129367
663903047019460181
664442033077100075
667251195842456908
668082462920740592
670986030377891810
671730837732502959
673457032095778168
673813648612844403
674455478781637916
674837936814234150
675252762784798307
676198006051748312
677838104621892519
678997407224129283
679746877934238897
684755030755778408
686219216227929016
686320165236906149
686385216275200181
687588687937705921
688003391650211521
690063452564803175
690428043929854119
691254570829738633
695693125539769448
696506218235875357
696608430965454900
697151036082747540
698478021611674792
698488437110731940
699226393789478378
699339537670343522
700929935568921315
705042476815440687
706256490816546673
709512645294114325
710101251665536251
710818770031134979
711763988302500166
712419538328321788
712449038151034180
714342390311279912
714345522943196280
714793641038961589
717431750861903490
718982418287302839
719708727665047003
720485131855812898
721081843090247008
724616481991882176
724826531445933176
725592144323917664
727797786230635873
731126616609411898
735030231047763807
736850951028249504
736940517515419509
741939399716596047
743424705944357642
743434866547356197
745660532381266458
745660650114529960
745778282648833735
745797225194704128
749301585260729879
751764820729424356
755041110285051079
756467442121400095
757928174260176418
758164516712949894
759326505115070561
759362754490574759
760734788287043373
762202207038482831
763635391880625287
763824893303512127
763836074848439482
763839459903222721
763847968653558849
764624132094434897
766599213244970362
770418734310155535
773399468648581554
776047222799354418
777543957541870111
777817458705603287
777964433107133911
779258925747223787
779918540438469809
780510516985502578
780543770952819141
782587721000395620
782595011184460236
782599691576323227
783363518908901842
783625219932647695
787628091349862452
788060606581472993
788664649896747856
789006149209905387
792211514488851377
792943506701086784
797757407360021992
797863015081706364
797932765155989830
798045257301285656
798539320230158480
799238386185409027
800955093094619342
801090455137204468
802828341067859617
805709294950384814
805817651568856612
805947346596808952
806848696359747378
807320636834758156
807873203963364169
807974881942947876
808011410728034779
808015730554623219
808615008300793156
808649712618963046
808750876156881417
809027920793360051
809040864087726625
809063756181744750
809298365147596959
809300817688392041
809364091668046901
809388431426100538
809412609978134390
809417375479188647
809418678173436256
809421198187813118
809423515537031829
809424220684802122
809428281294109100
809496405467664732
809516779275605818
810037828266743090
810039142163192348
810040663298591973
810040744799523472
810135657737132587
810136402109163522
810151208284763577
810937722553866459
811530892783854723
813180650257424963
816259472512892855
817050823284241863
820553988079753417
820557257351890395
821179065155492682
821735311642607654
821872994631594713
822430497295007179
826268824800517819
828394174433254133
829647488584131066
829774227931966053
831316159792213985
831466358151310352
832600083895505636
833315086211832683
833746750201228422
839132985047504681
839318064764184327
839327240219066656
839504352153036788
839839437985811097
840036365569335493
840040439620154717
840046599049750020
840049903691527267
840473840473423481
841527569830330881
841559634944499200
842080008604818597
846688814657774078
848032915354749246
852876464112660133
852989735927707484
853586407098047147
853676717277044401
855110481157444857
855300975868920548
855330399053616240
855337047967431097
855349676411269025
855386779951240827
858169512903602515
858854784530506798
859155090346750362
859592275241836574
859595557486172282
860873533781779696
861574021352739200
862237763652153042
862362762336315784
862521324922758419
862639696733422425
867523440848570624
869204871543721489
870509229591027657
871786173343134640
872634729304417753
873372884390303685
873439462114862486
873998642711767176
876088407295235189
876095905964255259
878353853844051471
878522328257665702
878534444061642817
879154615376948050
879864936461883627
880474724511910964
881478330789078492
882577482363545830
883419800500258720
883429416486028516
883429676969328316
883993513327594817
884167798955015173
884295855969835239
884707973613647874
885683070161102248
885793696658449553
886181447401935110
886273449370508774
886488585049786194
886842496744303543
887016717544658548
887021099686283214
887035868283685306
887235680157132785
887619880419668584
889757392290297581
889881007369817733
890004735473447399
890046576577199789
890864926578481067
891246735856036815
892988639437063364
893043334122739304
893444916746773573
893647013765928686
895797076373126822
897022483293483597
897204968501934083
897687650937160430
897725805063808880
898006448227301045
898594260363607847
899586626456979057
900791589056252728
901458551921710156
901503554775331938
904133655508424078
904464890385167597
904562473330770634
905061118664674105
905111564483262903
905717666651871760
905861326555192775
906623282222965467
909392422387538311
909400752037600531
909563098993175400
909574662891388813
909936995263255562
911576645648552785
911804156677889598
912386191204870425
912582445856729058
913003882538108560
913049563101079348
913195651595687762
913335550768300857
913810348844820061
914437810501756506
914491746600249945
915351557441667194
916651575282158913
916944796079145104
917396278136634937
918014006732735261
918154226312827849
918355693000400664
919554676861331515
919633489679062385
919638371408325986
919644906213062681
920883605626482861
921169269865409284
921742383368607502
922457912611958675
922597510592118232
922790831638569804
926215395777482952
926958397620735426
928336769033074511
928384641365600492
928395079242902374
928401926003432729
929732966998271615
929748270334201955
929855029764808614
931940038288138921
932291333830799581
933479765103024444
933484851477756252
933668090582506612
934605738640877607
935710155880836938
937832861147971180
937865558953092476
937909358392784432
938388699247199612
938668271377356667
938819782793030508
940894741367639284
941205451708333230
941639409344568659
942002656686314237
942183369237304803
943020841148870613
944416793686657202
944941487842881284
945140175052727193
945799253996005496
945921573283529721
947736869297652320
948627763917046106
948862318719202319
950165031957572158
950838642534952102
951001528872264180
953554211321399314
954333147860072866
954627751291794634
955193638276386903
955269411777707689
955311336514666562
955687018789820819
956651276272944590
957494466320373064
959434917867463433
962602576523115835
963015092204194505
963711023140953375
963800817235293021
966282084008747646
968822980721116036
968826341722041308
969670776634794022
970323171050868920
971984948348825389
973836333399648961
974752936713836450
975537868127283828
976987949826619198
977623254754956709
977863052834539540
978224394125381021
978497574925125754
978566718007538269
979131166702059816
980525104857098509
981360696952905636
981424429970318032
981989233264738075
982095493624700799
982617837402472241
982639709415618722
983574789213404731
985470360760967723
986141972751867513
986388318015082520
986419327491450441
986494488335460478
987620403860077236
989095650246302391
989940685031251598
991259571440019167
991691657128902331
992805043305598003
993530737906307043
993780711851714422
996390344506184221
998887934192482821
999185158192611126
999191012115399793
999479496251519230
1003027609925078206
1004533119264254112
1004542844981905112
1005040482192406885
1006407874920182728
1006944902481152604
1007935715812141881
1009420253206063761
1010137024327351553
1011006769741603213
1011127734579761708
1012575470154638004
1012578304782373857
1012588472347397397
1014593971466309687
1015170613369764403
1016750237191813510
1017432738209031866
1019058639996175049
1020353553362475743
1020478942240980413
1020510208579259083
1020588732880481273
1020913785204320938
1021061586494545779
1021653678987977767
1024056448220673628
1024663288449557899
1025588140856629739
1026758883248944574
1026764750255974481
1026766742188400254
1028825688804815780
1029823133587176742
1031036721779077933
1031368617675072366
1031946836464871070
1032692276245511315
1032817694910350942
1032854198790215109
1033345566036873958
1034355888226508174
1034780489884837954
1035618952598173835
1035774268590836069
1036142127814634424
1037377697360291726
1038426666547961614
1038450422588563283
1039207502390427904
1039427052394600591
1039873110096650681
1040059973577827778
1040830444955016932
1042248059138936786
1044215599119053079
1044216622138481237
1045088859436548999
1045831696532727014
1045871257877821811
1047153633495176304
1047458625688896696
1048916956061874718
1049577289741786903
1050355273415656538
1050684595946604380
1050961351689177106
1051395134603952288
1052245576420296515
1053174743811093864
1054536776017227718
1056139504367861012
1056511281843959421
1058783142968239301
1058811433025618591
1059525501362989063
1061090825577800907
1061525478095605396
1061636655112020932
1062409012165668329
1063214289083262034
1063315334974618800
1064832211281790956
1065260569866394661
1065271219860466421
1065405586862385031
1065537780260299993
1066701307232269124
1067478372675551950
1068834409826758420
1069020418596228696
1069147534651895477
1071067070564355127
1071798099410476458
1072623723763976860
1072692274117470534
1073954193954947444
1074150007081527874
1074673721074491239
1074924857903783841
1075484483473239472
1075719385726591129
1075987899363754620
1076107512941154787
1076157319970013664
1076590630147454441
1077020955462742499
1077554089524866872
1077622440778038152
1077662033494669487
1078259615526971562
1078474254500789023
1079170707099193035
1079195377035593856
1079324515517793259
1079947313287904732
1080547177354088315
1080650627205946093
1081184106977429878
1081507488008825734
1081881248502672814
1082132039880942307
1082143399550494781
1083972901202998068
1084014458197567959
1084109934673311630
1084132197594580021
1086220132683807609
1086290053300026448
1086999185002791651
1088038425919702082
1088618438335148594
1090042008591618247
1090154422313281440
1090759549307691423
1090911472297395010
1091604912937300992
1092962902849231841
1093718915922587451
1094851378673542397
1094998045253307678
1095080606826542936
1095148106506151181
1095703553298804836
1095789632275167158
1095958538127768583
1096399147372487797
1096557688241718584
1097898616377613281
1098928553373733834
1099229082301580722
1099502319485965438
1099619420731600190
1101480067100077099
1101569923552299238
1101632363985562191
1101654276458649765
1101664554848777181
1101700069095189649
1102311799350239946
1103911138419887212
1105177670285105663
1106711391547137730
1106766557248762373
1107578790980162441
1109724110090586021
1110192155961343941
1110210069204056695
1111322380831633591
1111779063961111955
1112362392444540203
1112541960857457005
1113202251454485463
1115283126174553865
1115298921076919600
1115508155484261349
1115941213610685088
1116660870230067095
1116983641201824913
1117007796386295385
1117281326631000506
1118820152138503741
1118848394169972769
1119574822540791735
1119789226970038023
1120406229026411156
1120421057844452640
1120533561790470940
1120538074276373315
1121860221506243841
1123983143299909071
1124054699639932635
1125007587660358277
1126128239711868362
1126212831872400819
1126997135445563595
1127045379362306728
1128290097639697561
1129731307589375908
1129746012842798001
1130396121724383152
1130475267387115688
1130795059744683133
1131200137260228040
1131207482031410853
1131273045144381897
1131455312158155744
1131839719785056023
1131974041899817158
1132159386860008750
1132694520744913412
1132701237432045379
1132755252384361397
1132772261260067925
1132856615353502207
1133381032217286736
1133555460603115121
1134045275193672621
1134193315052379339
1135210256713385214
1135513080213230083
1136454130632809529
1136962618271818971
1137015156098787008
1137109049601505886
1137248682610255042
1137249478922270332
1137592152749343648
1137987199744628479
1138367440825161378
1138681538720590564
1140614556828374265
1140713137852496817
1140836254380390483
1141373161575803082
1142384476969264065
1143520502029264754
1147368598595704454
1147758147583495434
1148002591689717311
1148554334069587602
1148614157992096689
1149594501470232534
1149960860657201668
1149964246822905875
1149965941474617892
1150650865117495516
1152124924047809515
1154528612333254690
1154574469908421640
1155125932376772876
1155467620820960944
1157291821077090018
1157326802584895249
1158685338636795175
1158870691023311680
1158902576052891675
1159503848142480514
1160816468443546284
1160867475492918509
1163828558187341961
1163906016077994309
1163907938106680057
1164029590044338888
1164667970296571142
1165097323746633316
1165134554501391244
1165152595575943360
1165899916480534373
1165936036693198287
1166015370881018016
1166035889422189933
1167000950710836626
1167442620317821996
1167628811096575441
1167670993056082886
1169477113135997215
1170964795577540686
1171243146500246640
1172092617015056642
1172151320065514161
1172493770607095056
1173396504269697547
1173536857475284740
1173839140730972482
1174056045733027978
1174580104964893825
1174666327458120652
1174680922411725353
1174700852454432023
1174752630245587391
1174761300927391515
1176125419707569880
1176944780451112369
1177597427397339817
1178566431878473771
1180033748282618717
1181164244784523537
1181413110227736177
1181749266885870816
1182055353758885244
1182095891671995022
1183293373225069978
1183396647514481863
1183432971397499435
1183670740988852919
1184096666127726155
1184802202020321673
1185593171715959592
1186281409270257736
1187874428004710731
1187893807780068604
1187901669313800639
1188344817428421764
1189793250434041214
1189971244477050866
1190039126788279040
1191348226643223479
1191390185105841260
1191632286669279529
1191988635724780631
1193716104782575779
1194246005088355532
1194472376797498039
1194898329009780647
1194971514858788663
1195648816117302536
1196514369925475716
1196563164420827118
1197081028914719191
1197185820748709892
1197244441907917457
1197736953028052396
1197857687730961252
1198479475438854584
1199423974125895362
1201029859153510830
1202254944625029236
1202478909492631765
1203942850384708010
1204339959865598695
1204961102531861303
1205067585419635927
1205483084083372682
1206068103124127077
1206603066430661412
1206608088378335196
1206649622697571025
1206749714227962009
1207571696865319288
1207597766712628889
1208072022019655343
1208282978145769740
1208673096485383114
1208705681821905481
1208831190686418305
1209399167814980864
1209464254878114772
1210222632102072376
1210838628956084771
1211150336852448856
1211760994455528385
1212452898323474951
1212681643441939916
1213051707222636122
1216744892472722507
1217522238401763669
1217597623877976694
1218105491286036468
1218266023782886179
1218937421734994150
1219107529263260082
1221605829286439389
1221786933674682692
1221963457948113565
1221970449795558372
1222631269198730274
1224019851531070867
1224063683577206001
1224094206780851987
1225198689451125716
1226320305500073567
1227119643380296175
1227219070866886061
1227309758861561996
1227538021586087153
1227587120972520428
1228974532448282283
1228977115760992992
1229344844264139270
1230868939151790863
1231097235893690196
1231269010628002147
1231989279089629282
1232618744523346585
1233562515966176110
1234322242528165000
1237135504478936400
1237686322370918579
1237760176315791307
1238364956050694496
1238534710285069965
1238603809775348612
1239333017098081178
1242307530742283526
1242939642673404657
1246623898342188425
1247413478059149602
1247940150649070582
1248080295082310013
1248117193212085536
1248753009057993502
1249529134025923603
1251071588013733143
1252121484402463362
1252213748087469681
1252878130660354562
1253079354162255036
1254528458688912315
1254687419328046298
1255080453609374796
1255970475363995837
1257619579194524553
1258200735669909906
1258719290907943514
1258954268756421959
1260294174140480971
1260325722798979893
1260895554921452788
1260932981195026704
1260996213225390915
1261911736788836123
1261927115947621116
1262338481924466639
1262527778549160191
1263131148327521862
1264599154579138953
1265206856358041571
1265455331988057202
1265648669823424426
1266279815005638133
1266667483099666287
1268418911832314726
1269276476393633211
1269591171213581216
1270288920750434509
1270967190424059541
1271258556455357627
1271261353596731509
1271265913482677437
1271292391817987236
1272087026306187337
1272513131040489037
1272588538968170758
1272625065706241362
1272707520408046611
1272803575558041063
1273325625870179229
1273453412774574996
1273576382354409749
1274036887690508212
1274701370238684346
1274790905135897171
1275368892306232081
1275455957260638393
1275502130121230008
1275506934072560328
1275568328247361735
1275659162138402156
1277660564466528442
1277779757392017185
1277817309017839298
1277841013872130857
1277862294314956214
1277874081612123350
1278200822102517318
1279105498494040982
1279122606996334511
1279129567698662735
1279167821373556753
1279725626356627268
1279856583174488947
1280014397219270969
1280074367173089913
1280488271553826610
1280660177626885892
1282831427696186567
1282856474349264650
1282873171191668156
1282873493372475153
1283416464784408756
1283990056649581271
1285339459455519952
1285517918286341327
1285935294340412277
1286569321370705054
1287200036328820444
1287923423475248678
1288419053089053036
1289942528651874716
1290131733400374172
1290217019719302830
1290623189366083327
1290666727809729978
1291360408667337422
1291549332655344382
1292889091445865655
1292932207776832642
1293356808176353888
1293421253010947222
1293482170165081465
1294347290207323142
1294959913078018098
1294969135730267184
1295668784421967702
1295962963414209916
1296516377171575918
1297027686907299851
1297455739668032543
1297517163880951168
1297897068012493889
1298116372151106948
1298853946535973870
1300197603818254590
1300847489475048340
1301742418822539119
1301783798638220332
1303048774831531876
1303155799897636432
1304350386063496199
1304592141530814056
1304647296716883059
1305074252381697362
1305114518556864160
1306566617597436020
1307461248218546371
1307583232204881694
1308803420377166181
1309409221396196559
1309566573597331258
1310154639124839760
1310375397574359239
1311143713198191044
1311851973599253175
1312368910985894308
1312440213750773641
1312471731616857927
1312685593061935028
1313042115946278145
1313202382872186744
1313937869463485933
1314088619374291068
1316991124792076714
1317429318054073545
1317899705493835311
1318181385923617107
1318278006145936282
1320572059903619539
1320572740545790365
1320600720655886262
1322399013499213402
1322571071436114409
1323172348631262398
1323204516575946172
1323338854015775092
1323429883165771850
1324222272647562639
1324838519282304727
1325773335759633583
1326389037568376466
1327103125767503229
1328447219851973951
1329176892119684445
1330697294271600167
1330803365428939990
1331036526834931803
1331116939630336404
1331468702992500746
1331578507428862296
1332213004467056071
1332936662815969354
1334344805747388720
1335590149506302663
1335801804085912206
1336529513072786321
1336673674461901461
1336942330379992831
1337010309857295777
1338701044711829380
1339864821842106779
1340032582184564271
1340571546425218802
1340589342708036226
1340677487560042918
1340686342556786792
1342039986894975530
1343089206129326021
1343682721672354216
1343809954279293429
1344903273573588014
1345097185091598909
1345104851196262616
1345147616677439060
1345174325739522956
1345262280141590832
1345849344392569339
1347336313884488119
1347389044449772222
1348606899446514436
1348745156708435601
1349296762315347326
1349349625549631331
1349350552479508056
1349405309801403999
1349897683262628606
1350007749224580722
1350191477566016200
1350429549107152613
1350650037744033220
1351447604275656298
1351511291555770493
1352323468877836667
1354468944814000551
1354493136392972647
1354611372544880575
1355230036462214373
1355232767894768039
1355270828630083818
1355445505942622889
1356203869366313029
1357039111049736234
1357546345068404425
1357596124638884692
1357604843170775909
1357969564129211245
1358344320722534363
1359082476938037674
1359498383838857711
1359704335026958755
1360191827733726524
1360199143572997774
1360208233577191278
1360215957025851503
1360421847643723656
1360578903670854450
1360864508886749297
1360911779137567114
1361122462939485765
1361189863861648717
1361658773557676489
1362473644818043839
1362552717204831320
1363330028196667575
1363877145247525836
1363937733024971614
1364097407237803876
1364492786004431933
1364499442087102249
1364568961005374374
1364915657950672560
1368394815118753734
1368437012050890821
1368442522490318028
1368796305964478018
1368880563791793209
1368978189125361347
1369111144836452171
1369138500786317516
1369151484051040176
1369747052768912488
1370384015701351177
1371065480729948738
1371163938751488322
1372048774479751274
1372659767054703825
1372757284124553181
1373321982489704552
1373622784064751284
1373879088121619560
1373953963666280974
1373960219831789804
1373985977166424428
1374030591471304783
1374072330453358099
1374081910847885779
1374082399256912351
1374090898905778115
1374143580332341600
1374166882517474930
1374268185370561134
1374851432161711686
1374869422243247357
1375355167503137972
1375460106078439359
1375460677046381883
1375460963197473118
1375615268917121212
1375721173776172328
1375760632202378650
1376176501179032543
1376250543442754240
1376883152679666279
1377056910993570781
1377652917629720766
1377783906133165960
1378748235488516981
1379077232188906456
1379205224952158726
1379322605392376873
1379372018248876212
1379873139585821139
1379898065046878798
1379978564040971884
1380094831526328242
1380805852102218706
1382059051522377370
1382764712517311090
1382807250444252159
1383290026240373791
1383464706472855334
1384097528610734681
1384213727632039315
1384798067229126490
1387284159500227141
1387807988559826992
1388003880832200333
1388510610840230794
1389142653244369447
1389243995546402019
1389333312857967773
1389364248374817252
1389418967959460299
1389763126954940342
1389776131722487506
1389977853313801573
1390627057680874770
1390835187472017564
1391292457659914295
1391536057481544384
1391709253079821004
1392022125076877132
1392328153013380523
1392931080885968994
1394139758545200980
1394179360466608569
1394190700254021492
1394983840226140870
1395143662203342341
1395220422804235278
1395749090185899618
1395762003379924119
1395872112548444357
1395878737232599875
1396370724190868369
1396649898592146206
1396712636798229554
1396749367652396208
1397114281584229928
1397212424284958695
1397229399437390351
1397465979867311839
1397476451385401346
1397529857776780380
1398556356282751353
1398568179752626123
1399356723819954030
1399367151473113702
1400086670862681328
1400098502799139535
1400456159895802858
1400662584282256667
1401512526281813697
1401531330719644966
1401619444596619954
1401748304775906711
1401753476474393643
1401923186817113598
1402368948517780032
1403056063170706833
1403090279730118364
1403245632591679207
1404495387615303736
1404497165397047951
1404530172434357983
1404907632352879714
1405248668724568611
1405977578171698040
1407254414406844835
1408238433393927036
1409459508909177874
1409515281153698136
1409633386245550298
1409743545677889974
1410285937819759906
1410963641032725086
1410969800186534856
1411729223672204850
1412245645556050533
1412249228622023576
1412405615587467401
1413855979908796270
1413979030147344545
1414719862284721221
1415256278504649999
1415620868224045686
1415969458169995716
1416066316217595577
1416765388963255323
1417063953668000899
1417071820736185512
1417660292849467590
1418210632275821422
1419175397955587607
1419208576127890266
1419351991446884144
1419921998307186768
1420568119121305863
1421045058504490125
1421163770910650322
1421294683236265983
1421786014345525202
1421917905406457808
1422030555066998460
1422770383937521171
1424168947970998725
1424178060188642607
1424695704588262271
1424707092282814190
1424966789777416183
1425030022716808330
1425117426520812754
1425606744887582176
1426130048858774046
1426237921912980950
1426913858185975688
1426925583643863360
1427018716012191483
1427031761558146301
1427873012587971060
1428509297711981506
1429617126104561422
1429818375439754415
1429842025916574527
1430151892738700720
1431380749531829104
1431399480310937355
1431413476429561706
1432060992794386635
1432245984595934267
1433120463975161524
1433563727405952247
1434107340270320286
1434854076261139324
1434883417254176402
1434893152133622385
1435042139925785795
1435233142875626096
1435491599848392457
1435512174077345487
1437302371851675622
1437989003377769761
1438062247347532692
1438828022956161441
1439036043754224515
1439262646380220513
1439455086653054518
1439965073041526060
1440664754704898820
1440706635443238918
1440791386373604241
1441261104560783483
1441403974144318415
1441493457028167986
1441635340941960552
1442191736712188662
1442202289155924448
1442206265568645143
1442217712544300629
1442221581736924721
1442225633030222883
1442229258654370186
1442233231647709776
1442235429918446361
1442302980624803613
1444576409712628580
1444975115282133127
1445158008812798753
1445838876942023376
1446019294112031196
1446528663798024168
1447193860965579165
1447458568289244642
1448202072128231070
1448640293323478515
1448922818188354677
1448962415285315602
1449174823894867068
1449315878201924562
1449363232459689433
1449679662685886250
1450512578435105092
1450804689356847975
1452444363782840384
1452597534096832750
1453004875127177372
1453006664845220260
1453167103030648268
1453682892802331777
1454590656440806816
1455123659108467329
1455149154912824651
1455223660149109499
1455258114602500648
1455262254774351939
1455873561108822351
1455982371992146945
1456159112588046093
1456765982686869843
1457280997549262878
1457995168341504432
1458276521298482579
1458734990036591074
1458979219797508095
1459104571146135924
1459540991597819978
1459546408518845527
1459837004673007735
1460188873898998746
1460344782598225250
1460391931049164184
1460429516671465262
1461082028779798151
1461115586873970171
1461210258297853838
1461659624695938610
1463140219217508036
1463348606081217169
1463921569734378983
1463927861677231425
1463954978184300279
1464918085942498634
1465319871283098271
1465423769889483574
1465428765103992413
1466223107822928516
1466330101996493611
1466344931629356528
1466870628730597268
1467458215776213499
1467599379565810872
1468484577205568875
1468499166877860075
1468517368775607726
1469174619201370116
1469551550995766141
1469658170489879612
1470490685737522175
1470556384583612654
1471165443830481921
1471893756262497889
1471941992090996607
1471947826259930470
1471998209335604899
1472708962511625252
1472722927784976182
1472872649030515520
1472905589410430230
1473220586332114430
1473463226912165870
1473537425787851852
1474145938106446204
1474314521196013707
1475489754494984367
1475639045507063775
1475650416944052036
1476245302773541485
1476247648110305445
1476317512275110058
1477090308046816515
1477140729892212009
1477485624546019215
1479321777954516244
1480474846330193530
1480490604490965219
1480544087419489959
1480683002481914704
1480737441358022477
1480784067702311683
1481265318377349231
1482239411682398908
1483043652921559363
1483462181087889708
1483486937090625144
1483549673172751362
1483559373779268119
1483681078245443906
1483793930221260427
1483794664120305274
1484357932714643170
1485198975255223139
1485623593111326095
1485788026960172305
1485879051492605587
1486146397580556520
1486159099328558806
1486163554065524716
1486345755746999495
1487335621193929360
1488134942548745389
1488150956439391659
1488703017238384917
1489298091758102266
1489390577030428494
1490620603129396833
1490876264671312502
1491581031283109488
1491587701499704153
1491592428618628716
1492086986049266905
1492243121328733556
1492927398687957737
1493030303907468646
1493128667450293882
1493190260000242821
1493521149503008985
1493570064076033811
1493890893612704545
1494421876416930241
1495094587258934155
1495781090380676557
1495873759522160298
1495916313465044184
1496061339314861932
1496395399284438523
1496437869827087774
1496484994595496981
1496490212187403285
1496516311247415641
1496538807886628995
1496562281086303721
1496592143541771069
1497143686018827744
1497211204809902802
1497397946862260445
1497872734679511360
1497924759879135416
1498009966715146460
1498689303581346401
1498707288481334957
1499299138412643703
1499391055037977349
1499647006851779753
1500265458031853473
1500327004113339897
1501617990194044218
1501767306556989487
1501808324920581548
1501842817786917113
1502219338301346581
1503078837619319306
1503124935225953643
1503341397533875618
1503441310304508103
1503590298199778119
1503774864939832504
1503790306860330861
1503838162051799291
1505131612740631808
1505352645514181552
1505542468503682254
1505549400852762595
1505554369175270319
1505780237477686430
1506653829413053025
1506793368979210269
1507215713990599152
1507517750420465440
1507875817309165730
1508030895703998552
1508266920417433440
1508772846847989926
1509396054592974193
1509430952827591955
1509592605348990698
1509793596216439062
1510201588118657040
1510886639833431457
1511061169542992516
1511212620806340542
1511596712503604052
1512405051440154459
1512651013417605757
1513039264380034909
1513047551970302025
1513112691525011256
1513122820490595830
1513811772322092577
1513916939868402381
1514246923824757259
1514592983457014068
1514701249837034255
1515408441871621636
1516062979510397153
1516926176498380246
1516975050461583050
1517516584393245864
1517609998061741011
1517728994479976316
1517734982988565108
1517734995460442424
1517734997326993843
1517735086425244858
1518337785314808742
1518362739483459403
1518897572699802011
1518905355746291077
1518980805742644435
1519646329200414073
1519692080788363888
1519831874660829657
1519899037516389484
1519992358695965587
1520415676551152267
1521157685821558321
1521779522155655517
1521783924333422873
1521807401226386208
1521909240884807457
1522554853505158555
1522867666580113522
1522910204918745386
1523202226117286170
1523972681544595505
1524444010712556024
1524690124303857309
1524822087129167465
1525061069733043540
1525626179566758477
1525668279904349134
1526278307977925690
1526473964557631349
1526880497737981065
1526991565318817445
1526991993211793971
1527004736830891214
1527934369857475411
1528370857799927682
1528448034495507719
1528636940261127009
1528672187752061193
1529052746981666536
1529128091818311932
1529135261831989565
1529168307910790529
1530719918976248090
1530800580614361785
1530983649773192639
1531353194257706004
1532041809069304530
1532172124388927971
1532180236731054126
1532230886897954082
1532653734090570688
1532727042378600478
1533452699406452152
1533466138073228122
1534279544783064177
1534393491877695340
1534953896882262744
1535755780348696572
1535955739878878389
1536346578246308705
1536429441919956321
1536497657048203824
1536522709174190769
1537014079962234013
1537180992606155403
1537297698968006195
1537791912612397101
1537994922054064755
1538092565210642360
1538129494148692654
1538668072902526561
1538768606993989139
1539164886555444655
1539221473392957633
1539232769579466077
1539241328049206979
1539281308339086626
1539372043238830325
1539848815947489594
1540067507555090352
1540649032903816570
1540727715510724372
1540791304621182364
1540927813970266858
1540950364034082152
1540963084421469566
1541084080991191289
1541144810107497570
1541291912723323994
1541394629135150962
1541422334696775419
1541691337723523984
1541704391327312183
1542012685223474869
1542090260084051051
